5000.00000000
739024.47049787
739024.47073206
739024.47126583
739024.47134668
739024.47197624
739024.47227277
739024.47318174
739024.47325837
739024.47512198
739024.47585779
739024.47607741
739024.47615309
739024.47630413
739024.47682297
739024.47696765
739024.47756248
739024.47800109
739024.47851473
739024.47859226
739024.47889294
739024.47903897
739024.47911223
739024.47918885
739024.47985201
739024.47999751
739024.48007119
739024.48021862
739024.48052725
739024.48075184
739024.48096909
739024.48193875
739024.48208988
739024.48216249
739024.48231353
739024.48260324
739024.48267700
739024.48274963
739024.48342873
739024.48416412
739024.48438823
739024.48446398
739024.48534373
739024.48549646
739024.48557265
739024.48572009
739024.48662931
739024.48692965
739024.48700243
739024.48782895
739024.48790351
739024.48820510
739024.48909987
739024.48932120
739024.48939578
739024.48947574
739024.48963150
739024.49009571
739024.49025061
739024.49033137
739024.49056697
739024.49064627
739024.49072698
739024.49087731
739024.49126844
739024.49195611
739024.49233245
739024.49248758
739024.49256931
739024.49272692
739024.49324865
739024.49398183
739024.49427860
739024.49524601
739024.49583646
739024.49606368
739024.49665875
739024.49673169
739024.49702352
739024.49776524
739024.49821620
739024.49851551
739024.49873359
739024.49895411
739024.49948280
739024.50000881
739024.50008223
739024.50023612
739024.50030937
739024.50046233
739024.50075394
739024.50142066
739024.50223432
739024.50252512
739024.50267219
739024.50334956
739024.50379742
739024.50453388
739024.50476208
739024.50590296
739024.50613174
739024.50628199
739024.50689833
739024.50706367
739024.50737319
739024.50752221
739024.50782537
739024.50875791
739024.50891541
739024.50915177
739024.50938316
739024.50953784
739024.51000449
739024.51054341
739024.51107753
739024.51116039
739024.51139073
739024.51177995
739024.51208554
739024.51239769
739024.51293571
739024.51309061
739024.51324531
739024.51332344
739024.51433551
739024.51541575
739024.51565068
739024.51620476
739024.51628273
739024.51658502
739024.51666409
739024.51681767
739024.51689552
739024.51743416
739024.51751307
739024.51836562
739024.51859492
739024.51882725
739024.51906101
739024.51913810
739024.51960006
739024.51975414
739024.51999294
739024.52037889
739024.52053315
739024.52201591
739024.52224992
739024.52248160
739024.52316760
739024.52410042
739024.52464253
739024.52503219
739024.52541574
739024.52549642
739024.52596074
739024.52626810
739024.52863883
739024.52910610
739024.52925741
739024.52933306
739024.52957175
739024.52980325
739024.52996135
739024.53027606
739024.53058455
739024.53088782
739024.53134446
739024.53203572
739024.53212019
739024.53227078
739024.53250465
739024.53327038
739024.53365097
739024.53442102
739024.53488573
739024.53527931
739024.53551212
739024.53652575
739024.53660169
739024.53683262
739024.53699049
739024.53721964
739024.53737523
739024.53776089
739024.53860737
739024.53868435
739024.53876023
739024.53883559
739024.53899204
739024.53907449
739024.53931161
739024.53939178
739024.53962797
739024.53970422
739024.54001639
739024.54033256
739024.54056749
739024.54118367
739024.54187346
739024.54194977
739024.54226285
739024.54272602
739024.54304066
739024.54334561
739024.54403792
739024.54419303
739024.54427014
739024.54434994
739024.54451023
739024.54484466
739024.54577478
739024.54592994
739024.54608484
739024.54632212
739024.54655167
739024.54678295
739024.54780642
739024.54803928
739024.54819289
739024.54864619
739024.54872693
739024.54964869
739024.54988006
739024.55018593
739024.55088287
739024.55126929
739024.55150082
739024.55181086
739024.55188692
739024.55234865
739024.55296397
739024.55381012
739024.55434993
739024.55458228
739024.55545119
739024.55676679
739024.55768987
739024.55829946
739024.55869013
739024.55899788
739024.55922642
739024.55953933
739024.55961617
739024.56039273
739024.56125192
739024.56141171
739024.56180282
739024.56188345
739024.56304633
739024.56343567
739024.56374604
739024.56414567
739024.56445321
739024.56460734
739024.56537795
739024.56545501
739024.56553632
739024.56623309
739024.56647598
739024.56739631
739024.56762627
739024.56778137
739024.56923130
739024.56946939
739024.57024539
739024.57040448
739024.57078532
739024.57118168
739024.57171753
739024.57226312
739024.57303983
739024.57319382
739024.57467475
739024.57483175
739024.57514749
739024.57522355
739024.57530479
739024.57554843
739024.57563063
739024.57578777
739024.57610027
739024.57663860
739024.57688145
739024.57750027
739024.57789145
739024.57804420
739024.57866637
739024.57943876
739024.57951912
739024.57967398
739024.57975531
739024.58014279
739024.58029760
739024.58045419
739024.58053216
739024.58076583
739024.58091914
739024.58146413
739024.58232515
739024.58248993
739024.58272748
739024.58311545
739024.58358189
739024.58365770
739024.58427890
739024.58466757
739024.58513916
739024.58537385
739024.58683801
739024.58730681
739024.58800523
739024.58872353
739024.58973690
739024.59025924
739024.59033427
739024.59055262
739024.59077840
739024.59115948
739024.59187124
739024.59264924
739024.59272829
739024.59405278
739024.59446148
739024.59462552
739024.59478809
739024.59494949
739024.59535175
739024.59583089
739024.59639671
739024.59680372
739024.59695902
739024.59750580
739024.59766193
739024.59774310
739024.59835399
739024.59882499
739024.59935066
739024.59950397
739024.59988520
739024.59996280
739024.60011819
739024.60034789
739024.60256230
739024.60279543
739024.60347600
739024.60453657
739024.60461373
739024.60562233
739024.60570685
739024.60586002
739024.60632602
739024.60711382
739024.60811166
739024.60850328
739024.60873573
739024.60904109
739024.60927433
739024.60981259
739024.61012392
739024.61020287
739024.61027959
739024.61043690
739024.61067156
739024.61097185
739024.61143205
739024.61204404
739024.61219525
739024.61243189
739024.61265931
739024.61283100
739024.61352878
739024.61376030
739024.61406686
739024.61454635
739024.61470304
739024.61509161
739024.61669675
739024.61738553
739024.61761590
739024.61785472
739024.61824956
739024.61840895
739024.61903162
739024.62011330
739024.62057792
739024.62134914
739024.62219509
739024.62299275
739024.62366113
739024.62373660
739024.62381689
739024.62404889
739024.62490487
739024.62498045
739024.62506194
739024.62514125
739024.62607825
739024.62630707
739024.62660990
739024.62706810
739024.62721959
739024.62729494
739024.62764325
739024.62783074
739024.62835021
739024.62897316
739024.62906078
739024.62947167
739024.62955481
739024.62990181
739024.62999455
739024.63017975
739024.63027414
739024.63286994
739024.63313616
739024.63339390
739024.63398321
739024.63407183
739024.63415369
739024.63435331
739024.63456238
739024.63495016
739024.63588806
739024.63607384
739024.63617122
739024.63756600
739024.63765986
739024.63794372
739024.63840980
739024.63849851
739024.63886249
739024.63895106
739024.63940856
739024.64019552
739024.64027642
739024.64062287
739024.64161947
739024.64385183
739024.64456000
739024.64486023
739024.64517091
739024.64578097
739024.64655307
739024.64790315
739024.64815965
739024.64862513
739024.64894330
739024.64906722
739024.64963241
739024.65043414
739024.65063637
739024.65151220
739024.65161399
739024.65191806
739024.65246516
739024.65255566
739024.65273611
739024.65388962
739024.65416641
739024.65628233
739024.65637073
739024.65664749
739024.65717392
739024.65801176
739024.65923515
739024.65939995
739024.66051345
739024.66060001
739024.66101149
739024.66117554
739024.66270666
739024.66305144
739024.66369306
739024.66377031
739024.66437720
739024.66507623
739024.66539671
739024.66555358
739024.66578012
739024.66630889
739024.66677303
739024.66723150
739024.66754668
739024.66821750
739024.66836686
739024.66881200
739024.66965731
739024.66980468
739024.67040225
739024.67048192
739024.67070531
739024.67093547
739024.67123538
739024.67131265
739024.67147021
739024.67275604
739024.67357309
739024.67388282
739024.67410535
739024.67455420
739024.67462968
739024.67470759
739024.67486168
739024.67501473
739024.67570025
739024.67720611
739024.67742545
739024.67764485
739024.67779712
739024.67823602
739024.67942079
739024.67964410
739024.68015181
739024.68044547
739024.68096181
739024.68125575
739024.68147847
739024.68162899
739024.68207632
739024.68274128
739024.68296449
739024.68311127
739024.68318881
739024.68356321
739024.68363900
739024.68378973
739024.68408229
739024.68513282
739024.68528619
739024.68595014
739024.68639711
739024.68647211
739024.68670683
739024.68685793
739024.68708757
739024.68754056
739024.68791252
739024.68805890
739024.68828020
739024.68843132
739024.69013477
739024.69050308
739024.69094590
739024.69101972
739024.69109624
739024.69161372
739024.69280135
739024.69287557
739024.69325020
739024.69332899
739024.69340624
739024.69355375
739024.69377015
739024.69458435
739024.69473602
739024.69524788
739024.69539241
739024.69561500
739024.69568928
739024.69679405
739024.69762064
739024.69791900
739024.69821784
739024.69844861
739024.69888876
739024.69963112
739024.70000615
739024.70052361
739024.70067252
739024.70074441
739024.70081909
739024.70147896
739024.70185203
739024.70214609
739024.70251725
739024.70289657
739024.70341241
739024.70348723
739024.70363714
739024.70578084
739024.70607153
739024.70622525
739024.70629929
739024.70644742
739024.70652417
739024.70660097
739024.70741123
739024.70778803
739024.70837236
739024.70860797
739024.70876644
739024.70892377
739024.70987370
739024.70995324
739024.71026436
739024.71090550
739024.71169476
739024.71184709
739024.71200003
739024.71207316
739024.71273839
739024.71296083
739024.71303669
739024.71311208
739024.71318837
739024.71340698
739024.71355561
739024.71400876
739024.71438457
739024.71467797
739024.71498166
739024.71571815
739024.71645432
739024.71674691
739024.71681865
739024.71732943
739024.71740421
739024.71799317
739024.71842667
739024.71850019
739024.71901697
739024.71909101
739024.71995763
739024.72040072
739024.72061861
739024.72113990
739024.72136030
739024.72246245
739024.72253781
739024.72261470
739024.72276271
739024.72290899
739024.72298671
739024.72380242
739024.72388068
739024.72403053
739024.72448801
739024.72463411
739024.72508537
739024.72662427
739024.72728811
739024.72743840
739024.72958376
739024.72980353
739024.72987921
739024.72995359
739024.73002747
739024.73082833
739024.73111891
739024.73134052
739024.73162954
739024.73215019
739024.73280836
739024.73288021
739024.73302966
739024.73317786
739024.73347103
739024.73392102
739024.73406546
739024.73488541
739024.73561686
739024.73569284
739024.73650441
739024.73679773
739024.73701788
739024.73716476
739024.73768816
739024.73790479
739024.73834123
739024.73841562
739024.73864102
739024.73914715
739024.73922082
739024.73995197
739024.74134841
739024.74165303
739024.74224425
739024.74246376
739024.74312625
739024.74341350
739024.74377640
739024.74406661
739024.74413946
739024.74428682
739024.74435971
739024.74450383
739024.74597653
739024.74656049
739024.74686378
739024.74693927
739024.74782204
739024.74811468
739024.74826447
739024.74864382
739024.74973910
739024.74988634
739024.75010517
739024.75033253
739024.75047765
739024.75062502
739024.75099294
739024.75106544
739024.75121306
739024.75135846
739024.75143595
739024.75202251
739024.75224251
739024.75239747
739024.75297906
739024.75379368
739024.75459708
739024.75540230
739024.75604159
739024.75653190
739024.75732771
739024.75769137
739024.75800222
739024.75817558
739024.75834146
739024.75867784
739024.75950876
739024.76012537
739024.76022228
739024.76093653
739024.76155132
739024.76163329
739024.76179177
739024.76220405
739024.76245373
739024.76355502
739024.76375286
739024.76383486
739024.76452387
739024.76471624
739024.76481728
739024.76491453
739024.76500846
739024.76509847
739024.76701198
739024.76735403
739024.76760399
739024.76862727
739024.76999323
739024.77103030
739024.77135657
739024.77151091
739024.77183234
739024.77227955
739024.77243170
739024.77280594
739024.77288172
739024.77310971
739024.77332809
739024.77340645
739024.77355119
739024.77369770
739024.77481513
739024.77504370
739024.77519575
739024.77526890
739024.77592299
739024.77701744
739024.77753676
739024.77768825
739024.77790848
739024.77841281
739024.77856360
739024.77892001
739024.77915620
739024.77961131
739024.77968853
739024.77991244
739024.78037052
739024.78090211
739024.78105858
739024.78143729
739024.78211797
739024.78321919
739024.78337337
739024.78351925
739024.78388963
739024.78440392
739024.78455938
739024.78478009
739024.78485494
739024.78500310
739024.78507991
739024.78522705
739024.78566176
739024.78581052
739024.78646953
739024.78690336
739024.78697759
739024.78712397
739024.78727095
739024.78800689
739024.78808010
739024.78829747
739024.78881459
739024.78896524
739024.78948457
739024.78955933
739024.79096737
739024.79126986
739024.79141660
739024.79215197
739024.79237667
739024.79281685
739024.79317616
739024.79346913
739024.79376668
739024.79428836
739024.79530789
739024.79545377
739024.79559995
739024.79581634
739024.79604498
739024.79656752
739024.79693810
739024.79715546
739024.79745557
739024.79752512
739024.79767111
739024.79812182
739024.79841056
739024.79892235
739024.79958728
739024.80054235
739024.80068495
739024.80076075
739024.80083447
739024.80090832
739024.80105843
739024.80113307
739024.80230678
739024.80348234
739024.80369962
739024.80436749
739024.80496794
739024.80540892
739024.80570488
739024.80702760
739024.80710208
739024.80717429
739024.80732406
739024.80754324
739024.80769319
739024.80784404
739024.80799374
739024.80806385
739024.80851977
739024.80859230
739024.80986300
739024.81011587
739024.81155591
739024.81202520
739024.81210241
739024.81331777
739024.81355022
739024.81450854
739024.81458034
739024.81509451
739024.81591439
739024.81599184
739024.81636588
739024.81680470
739024.81687446
739024.81732654
739024.81791294
739024.81798675
739024.81828362
739024.81835734
739024.81880208
739024.81902105
739024.81938644
739024.81960997
739024.81975443
739024.81983223
739024.82071668
739024.82078770
739024.82093485
739024.82100846
739024.82152204
739024.82160183
739024.82197418
739024.82256505
739024.82270786
739024.82329787
739024.82337274
739024.82352810
739024.82367713
739024.82374909
739024.82404053
739024.82433329
739024.82513759
739024.82528671
739024.82588689
739024.82631927
739024.82661128
739024.82668505
739024.82676510
739024.82698487
739024.82727852
739024.82807453
739024.82821808
739024.82844890
739024.82852530
739024.82860381
739024.82867962
739024.82897338
739024.82934788
739024.82942639
739024.82950356
739024.83003046
739024.83055465
739024.83078418
739024.83214212
739024.83258644
739024.83273544
739024.83281039
739024.83302775
739024.83332939
739024.83347160
739024.83361903
739024.83405758
739024.83471476
739024.83478838
739024.83537150
739024.83559329
739024.83625969
739024.83678394
739024.83692937
739024.83722339
739024.83797135
739024.83826361
739024.83834030
739024.83856167
739024.83871196
739024.83886256
739024.83893787
739024.83900894
739024.83915329
739024.83937164
739024.83944306
739024.84004230
739024.84039800
739024.84069257
739024.84105420
739024.84112919
739024.84142594
739024.84201159
739024.84231716
739024.84276773
739024.84352208
739024.84399753
739024.84407674
739024.84441914
739024.84523260
739024.84540831
739024.84577392
739024.84644402
739024.84651943
739024.84659353
739024.84734123
739024.84749244
739024.84786591
739024.84883480
739024.85056987
739024.85072148
739024.85079957
739024.85087491
739024.85124897
739024.85178600
739024.85365406
739024.85380830
739024.85402677
739024.85410109
739024.85447293
739024.85514265
739024.85559949
739024.85589200
739024.85604321
739024.85626856
739024.85656933
